0.985166
1.92228
2.8137
3.66164
4.46822
5.23547
5.9653
6.65954
7.31991
7.94808
8.54561
9.114
9.65468
10.169
10.6582
11.1236
11.5662
11.9873
12.3878
12.7688
13.1313
13.476
13.8039
14.1159
14.4126
14.6949
14.9633
15.2187
15.4617
15.6928
15.9126
16.1217
16.3206
16.5098
16.6898
16.861
17.0238
17.1787
17.3261
17.4662
17.5996
17.7264
17.847
17.9618
18.0709
18.1748
18.2735
18.3675
18.4569
18.5419
18.6228
18.6997
18.7728
18.8424
18.9087
18.9716
19.0315
19.0885
19.1427
19.1943
19.2433
19.29
19.3344
19.3766
19.4168
19.455
19.4913
19.5259
19.5587
19.59
19.6198
19.6481
19.675
19.7006
19.7249
19.7481
19.7701
19.7911
19.8111
19.83
19.8481
19.8652
19.8816
19.8971
19.9119
19.9259
19.9393
19.952
19.9641
19.9756
19.9865
19.997
20.0069
20.0163
0.985166
1.92228
2.8137
3.66164
4.46822
5.23547
5.9653
6.65954
7.31991
7.94808
8.54561
9.114
9.65468
10.169
10.6582
11.1236
11.5662
11.9873
12.3878
12.7688
13.1313
13.476
13.8039
14.1159
14.4126
14.6949
14.9633
15.2187
15.4617
15.6928
15.9126
16.1217
16.3206
16.5098
16.6898
16.861
17.0238
17.1787
17.3261
17.4662
17.5996
17.7264
17.847
17.9618
18.0709
18.1748
18.2735
18.3675
18.4569
18.5419
18.6228
18.6997
18.7728
18.8424
18.9087
18.9716
19.0315
19.0885
19.1427
19.1943
19.2433
19.29
19.3344
19.3766
19.4168
19.455
19.4913
19.5259
19.5587
19.59
19.6198
19.6481
19.675
19.7006
19.7249
19.7481
19.7701
19.7911
19.8111
19.83
19.8481
19.8652
19.8816
19.8971
19.9119
19.9259
19.9393
19.952
19.9641
19.9756
19.9865
19.997
20.0069
20.0163
0.985166
1.92228
2.8137
3.66164
4.46822
5.23547
5.9653
6.65954
7.31991
7.94808
8.54561
9.114
